332232112333212323111131221333313112322131311312323321123122233112232231312311131312132332113232311313211113313332113111213133123232122213212311332331323213 8725  146
213213132332123113223331332321321323121121233111133333221122332333122131311323332111313123312333331231111222322211233133312132322321213122222212231232323112 9895  141
221323331113133121233323133232311313233213233233133232312223312113133233323313322323332233213232322321232132212123231321112212131223233213322322223221131213 5880  148
213111211213323113311232213313212233313323123131221133313221221233312123131212133321313123233321233331232112211121333312212121131223132131322321121122221123 5275  151
112233333313233331123212112322111333331211112311223333133213121221331312122132211332213223313313312332121222132132112322311311212212211312311233121322223123 8005  151
233133132331122321121211311111133323221222223231321212132212321223132313323111213111212131121231332121231231212211212321223122133322233132133323311231123222 6765  143
322133132223212331331231312113221321331123111113331221121123213332321213323211211131221121222223121111112132211221122313122322311223211111321231131113113233 9700  150
311222221312111123112122332332332212122211321333113232331233311121132231313111233332322113131133211321211333222333113231323222232331333312323133221131121123 10650 156
222112231322113323113131311132313211313312331111321122332111332223121221132121323211312321212112323212112313131211322212312113223233113333131121113321313332 6850  154
133121132321132323223332111213322132332112132133222233333133233111121211333333222222121311222332321113323122331221221232323322121232221132211333323312212111 8650  156
131111231221212322123121113212312111222331133112231333312313332323222222213211333331213122332233232312121232122311333322313133331321311233331231311133123133 8420  138
223123211212211311312111231112121232231331121213331212121211111311112321113121332322111122211132121212312113112332332233312313321323113133111333212211231222 9570  150
222211111123333132323222122122312331213112233322121133311231211213132313212223321311131111231222121331332132132223231333122123133123313232111133213133232313 6840  144
111212221112221313122232311323332212121231211123332222111223333221113313131321232122123113131133332331222133133311221212312333113212232123122321131323233121 6250  155
123212212322131221131322322221212113222331322211331232132122123131332113211211231222132223312112312322332213223211322333312132122312222332233232131321231331 5710  150
312323213121311112322212331323132313321133332211322221131312223213123121212331312112322121223212121233233321121223213333111231211123312222131113311231311223 6290  150
131323223331322223321331123312121323132133221331221211112112232133323211123311322331121233131113223332311133321331321131311122312121132111322211231323123223 6565  143
233323221132313213321313123112312312231111312122122233333221233311211131333212131232233112313211112213313131321121121231113311132311221333111111232111133223 9220  148
122331313121212332232111333312121331222332112112321211113212231213331311333313212222122313322313223231122122213232323211332211232112212121221223212132231322 5960  144
112122211311333213332331223113331223223323222312133312312122111132133321222121332132311211333213111232113332221311221111133313133123313123331112333131222133 10330 154
331223113112112223312111221223111232133212332212312223132122333133232223223312133231322111312312112222311322333222223112131132331211133123233221112112221321 7990  152